73 28
72 29
71 30
70 31
69 32
68 33
68 34
66 35
65 36
64 37
63 38
62 41
62 42
61 43
61 44
59 46
58 48
58 49
57 50
57 51
55 53
55 54
55 55
53 58
53 59
52 60
52 61
51 63
50 64
47 67
47 69
46 71
46 72
46 74
45 75
45 76
45 77
45 80
44 82
44 83
42 85
42 86
42 87
41 91
41 92
41 93
41 94
39 98
38 100
38 104
38 105
38 106
38 108
36 110
36 111
36 114
36 116
36 117
35 121
35 123
35 125
35 126
35 127
35 128
35 132
35 133
35 134
35 136
35 137
35 139
35 143
35 144
35 147
35 148
35 151
35 153
35 154
35 156
35 158
35 159
35 162
35 164
35 165
36 166
36 167
36 169
36 170
36 171
36 172
37 175
37 177
37 178
38 180
38 181
40 184
40 186
42 188
42 189
43 192
44 193
45 194
46 195
47 196
48 197
49 197
50 198
52 199
53 200
55 201
56 201
59 202
61 203
62 204
66 207
67 207
68 208
69 209
71 210
72 210
73 211
74 212
75 212
78 213
80 213
81 214
82 214
83 215
84 215
85 216
86 217
88 217
90 217
91 218
94 218
96 218
97 218
98 218
99 218
101 218
105 218
109 218
111 218
115 218
116 218
117 218
119 218
120 218
121 218
122 218
124 218
127 218
128 218
130 218
131 218
132 218
133 218
134 218
136 217
137 217
140 216
143 215
144 215
145 215
146 212
149 211
151 210
154 209
156 206
157 205
158 204
159 203
160 202
161 201
162 200
162 199
162 198
163 197
163 195
164 192
166 188
168 184
168 182
168 181
168 179
168 175
168 174
168 173
168 171
168 170
168 169
168 168
168 166
168 165
168 164
168 163
168 161
168 160
168 159
168 158
168 155
168 154
168 153
168 150
168 149
167 146
167 144
167 143
167 141
167 139
167 138
167 137
166 133
166 132
166 131
166 130
166 128
164 126
164 125
164 122
164 121
164 120
164 119
163 117
163 116
163 115
163 114
163 112
162 111
162 110
162 109
162 108
161 107
161 106
161 105
161 104
161 103
160 102
159 100
159 99
159 98
159 96
157 94
157 93
157 92
156 91
156 90
156 89
156 88
156 87
155 86
155 85
155 83
154 81
153 79
153 78
153 77
153 75
152 74
152 73
151 72
151 68
150 66
150 63
148 61
148 60
148 59
147 58
147 57
145 54
145 52
144 51
142 49
142 48
141 47
140 46
140 45
139 44
138 43
137 41
136 40
135 39
135 37
134 36
133 35
132 34
131 33
131 31
130 30
129 29
129 28
128 27
127 27
126 26
124 25
123 24
122 24
121 23
120 22
119 22
118 22
114 21
112 21
111 21
108 21
107 21
106 21
105 21
104 21
103 21
102 21
101 21
98 21
97 21
96 21
95 21
93 21
92 21
91 21
90 21
88 21
87 21
86 21
85 21
83 21
82 21
81 21
80 21
77 21
76 21
