147 58
150 59
152 59
153 60
154 60
156 61
157 62
158 63
159 64
160 65
161 65
162 66
163 67
164 68
165 69
166 69
167 70
168 71
169 72
170 73
173 73
174 73
175 75
176 75
177 76
178 77
179 78
181 79
182 79
183 79
184 80
186 81
187 82
188 83
189 84
190 84
191 85
192 85
195 86
196 86
197 87
198 88
199 89
200 89
201 90
202 91
203 91
204 92
205 93
206 94
209 95
210 95
211 96
212 96
214 97
215 99
216 100
218 101
219 102
220 104
221 105
223 106
224 107
225 108
226 109
227 110
228 111
229 111
231 113
232 114
233 116
234 117
235 119
236 120
236 122
237 123
238 124
238 125
239 126
240 127
240 128
240 129
240 130
241 132
242 133
242 134
243 138
244 139
245 141
245 144
246 145
247 146
247 147
247 149
249 151
249 152
250 153
251 156
251 158
252 160
252 161
252 162
253 163
253 166
253 167
253 168
253 169
253 171
254 172
254 173
254 174
254 176
254 177
254 178
255 179
255 181
255 182
255 183
255 184
255 187
255 188
255 189
255 190
255 192
255 193
254 195
254 198
254 199
254 200
254 201
254 203
254 204
254 205
254 206
254 208
254 209
254 210
254 211
254 213
254 214
254 215
254 216
254 218
254 220
254 221
254 222
254 224
254 225
254 226
254 227
254 228
253 229
252 230
252 231
252 232
252 234
252 235
252 236
252 237
252 239
251 240
251 241
251 242
251 245
250 246
250 247
250 248
249 250
249 251
249 252
249 253
248 254
246 256
246 257
245 258
245 261
245 262
244 263
244 264
244 265
243 266
241 268
241 269
241 270
240 272
240 273
240 274
240 276
239 277
239 279
239 280
238 282
237 283
236 285
236 287
236 288
234 289
234 291
234 292
233 294
232 296
230 298
228 300
227 302
226 303
224 306
223 307
223 308
222 309
221 310
218 311
217 313
217 314
216 315
215 316
211 318
209 320
208 320
207 320
205 321
204 321
203 321
199 322
198 323
195 323
194 323
193 323
191 323
190 323
189 324
187 325
186 325
185 325
183 327
182 327
181 327
180 327
179 328
178 328
175 328
173 329
172 329
171 329
168 330
167 330
166 330
165 330
162 330
160 330
159 330
157 330
156 330
155 330
154 330
152 330
151 330
150 330
149 330
146 330
145 330
143 330
141 330
140 330
139 330
138 330
136 330
135 330
134 330
133 330
130 330
128 329
127 329
124 329
123 329
121 329
120 329
119 328
118 327
117 327
116 327
113 327
112 326
111 326
109 326
108 325
107 325
106 324
103 324
102 324
101 323
98 321
97 321
96 321
95 321
94 321
92 320
91 319
89 319
88 319
87 317
86 316
84 315
83 315
82 314
81 313
80 313
78 311
77 311
76 310
75 309
74 308
73 306
72 305
70 304
69 303
68 303
67 302
66 301
65 300
64 299
61 298
60 297
59 296
58 295
57 294
56 293
55 292
54 290
53 289
52 288
52 287
50 286
49 285
48 284
47 283
46 282
46 281
46 280
45 278
44 277
44 276
43 275
42 274
41 273
40 271
40 270
39 268
38 267
37 266
36 264
36 263
35 261
35 260
35 259
34 257
34 256
34 255
33 254
33 253
30 251
30 250
29 246
29 245
29 243
29 241
28 238
27 237
27 235
27 234
27 233
27 232
27 230
26 229
26 228
26 227
26 225
26 224
26 223
26 222
26 219
26 218
26 217
26 216
26 214
26 213
26 212
26 210
26 208
26 207
26 206
26 203
26 202
26 201
26 200
26 198
26 197
26 196
26 195
26 193
26 192
26 191
26 190
26 188
26 187
26 184
26 182
26 181
26 180
26 179
26 177
26 176
26 175
26 174
26 172
26 171
26 170
26 169
26 166
26 165
26 164
26 163
26 161
26 160
26 159
27 156
27 155
27 154
27 153
27 150
28 149
29 147
29 145
29 144
31 140
31 139
31 138
31 137
31 136
31 135
32 134
32 133
32 132
32 131
32 129
33 128
34 127
35 123
35 122
36 121
36 120
36 119
37 118
38 117
39 116
40 113
41 112
42 110
42 109
43 108
46 106
47 104
48 103
49 102
50 101
51 98
52 97
53 97
54 96
55 95
56 94
59 92
60 91
63 90
64 89
65 88
66 87
68 87
69 86
70 86
71 86
74 86
75 85
76 85
77 85
79 83
80 83
82 81
85 81
86 80
87 80
88 80
90 79
92 78
93 78
96 78
97 78
99 75
100 75
102 74
103 74
104 73
106 73
107 73
108 72
110 72
111 71
113 70
114 70
116 69
119 68
120 68
121 68
122 68
123 66
124 65
125 64
126 63
128 62
129 61
131 59
132 59
135 58
136 57
137 56
138 55
139 54
