168 38
167 38
164 39
162 41
159 41
157 43
156 43
154 43
153 43
152 44
151 44
149 44
148 44
147 44
146 44
143 44
142 45
141 45
140 45
138 45
137 45
136 45
135 45
134 46
133 47
131 47
130 47
128 47
127 47
126 47
125 48
124 48
120 49
119 50
118 50
114 52
113 52
111 53
110 53
109 54
106 56
105 56
100 58
99 59
98 59
94 60
91 62
90 62
89 64
87 65
86 65
84 65
83 66
80 67
79 67
77 70
76 71
75 71
74 72
72 73
71 73
68 75
67 75
65 76
64 77
63 77
62 78
60 81
59 82
56 84
55 85
54 86
53 87
52 88
51 89
50 90
49 91
48 92
47 93
46 94
44 96
43 97
42 98
39 100
37 102
36 103
35 105
35 106
35 107
34 108
33 109
33 110
32 111
32 112
29 115
28 116
28 117
27 119
27 120
26 121
26 122
26 126
25 127
24 130
24 131
23 132
23 136
22 137
22 138
22 139
22 141
21 142
18 144
18 147
18 148
18 149
18 150
18 152
18 153
18 154
18 155
18 158
18 159
18 160
18 163
18 164
18 165
18 168
18 169
18 173
18 174
18 175
18 176
18 177
18 179
18 180
18 181
18 182
18 184
18 185
18 186
18 187
18 189
18 190
18 191
18 192
18 195
20 196
20 197
20 198
20 200
20 201
20 202
20 203
21 205
21 206
21 207
21 208
22 209
23 210
23 211
23 212
24 213
24 216
24 217
25 218
25 219
26 221
29 224
29 226
30 228
31 229
31 230
32 231
34 234
35 235
36 237
36 238
38 239
39 240
39 241
39 242
40 243
40 244
41 245
42 246
44 247
45 248
45 249
46 250
47 251
48 254
49 255
50 256
51 257
51 258
52 259
53 260
57 261
59 263
60 264
61 264
62 265
63 266
66 269
67 269
69 270
70 271
72 272
73 273
76 274
78 274
80 275
83 277
84 277
86 278
89 280
91 280
92 281
93 281
94 282
96 282
97 283
98 284
99 286
101 286
102 286
103 287
107 287
108 287
109 287
110 287
112 288
113 289
116 291
118 291
119 291
120 291
121 292
123 292
125 292
126 292
127 292
130 293
131 293
132 293
134 293
135 293
136 294
137 294
139 294
140 294
141 294
142 294
145 296
146 296
147 296
148 296
150 296
151 296
152 296
153 296
155 296
156 296
157 296
158 296
160 296
161 296
164 296
166 296
167 296
169 296
171 296
172 296
173 296
174 296
177 296
179 296
182 296
183 296
184 296
188 296
189 295
190 295
191 295
193 295
194 295
195 295
196 295
197 294
200 292
201 292
202 292
204 292
205 292
206 292
209 291
210 291
211 291
212 291
215 291
216 291
217 290
220 290
221 290
223 290
226 290
227 290
229 289
231 289
232 289
233 288
237 287
238 287
239 287
240 287
243 287
244 287
245 287
248 287
250 286
251 286
253 286
254 286
255 286
259 284
260 284
262 284
264 284
265 284
266 283
267 283
270 283
272 283
273 283
274 283
275 282
276 281
277 281
278 281
280 281
283 280
286 280
287 280
288 279
292 279
293 278
294 278
295 278
296 277
298 276
299 276
300 276
301 276
303 275
304 274
305 274
306 274
309 273
310 272
311 271
313 271
315 269
318 268
319 266
321 265
322 265
325 263
326 262
327 262
330 259
331 258
332 257
335 254
336 253
337 252
338 251
340 249
341 248
342 247
343 246
346 243
348 241
349 240
352 238
352 235
353 234
354 233
354 232
354 231
355 229
357 227
357 225
358 224
358 222
359 221
359 219
359 218
360 217
363 213
363 212
364 211
364 210
365 208
366 206
366 205
366 204
367 203
368 200
368 199
368 198
369 196
369 195
369 194
369 192
369 191
369 190
369 189
369 187
369 186
369 181
369 180
369 179
369 178
369 176
369 175
369 174
369 173
369 171
369 170
369 169
369 168
369 165
369 164
369 163
369 162
368 160
368 158
368 157
368 154
368 153
368 152
368 151
368 149
367 147
367 146
367 143
366 141
366 140
366 139
365 138
364 136
364 135
362 133
362 132
361 131
361 130
361 127
360 126
360 125
360 124
360 122
358 120
358 119
357 116
357 114
357 113
356 111
355 110
354 109
353 108
353 106
353 104
351 102
350 100
349 99
347 96
347 94
346 93
345 92
344 91
343 90
342 89
341 87
341 86
339 85
338 84
337 83
336 82
335 81
334 79
333 78
331 77
330 76
329 75
328 74
326 73
325 72
324 71
323 71
322 71
320 69
318 67
317 66
315 64
314 63
312 61
311 60
308 58
307 56
306 55
304 54
303 53
301 52
300 51
297 51
296 50
295 49
294 49
293 48
291 47
290 47
286 46
284 45
283 45
282 45
280 43
279 42
275 41
274 41
273 41
272 41
271 41
270 40
269 40
268 40
267 40
264 40
262 39
261 39
259 39
258 39
257 39
254 39
253 39
250 38
248 38
247 38
246 38
245 38
243 38
242 37
239 36
237 36
236 36
234 36
231 36
229 36
228 36
226 36
225 36
224 35
223 35
221 35
220 35
219 35
218 35
215 35
214 35
213 35
210 35
209 35
207 35
203 35
202 35
199 35
198 35
197 35
196 35
192 36
191 36
186 36
185 36
184 36
180 37
178 37
176 38
175 38
174 38
173 38
172 39
172 41
